A = [0 657.92 0;0 0 1;0 -657.92 -40];
B = [0;0;1];
C = [1 0 0];
D = [0 0 0; 0 0 0; 0 0 0];